13309
26093
11518
20638
9649
28631
800
10391
6413
18402
27273
21056
14445
15706
23932
25707
18777
7409
9360
25312
7897
24362
10292
13496
84
606
5427
10802
19333
10532
5125
25513
11146
16554
3466
20570
21292
16270
22164
27852
28229
14321
27688
4537
1483
19770
14582
14894
4159
16778
19562
3200
14985
18633
2665
20071
19577
5268
21253
4314
4518
16886
18150
2490
29715
14973
12650
2925
11247
28618
18232
14629
8689
19016
177
1246
24462
27147
20316
23071
21015
765
21704
18665
1539
10990
20629
24218
25700
13093
12353
2948
1372
3661
5530
5051
8262
23488
2189
21639
