12761
15943
17361
14042
18266
10610
19891
15274
14558
28606
11186
821
20843
2749
23314
5394
8831
18907
14895
22658
13172
11034
3888
14414
11527
27674
25118
61
3195
2082
17672
8061
22540
14264
10272
8604
24394
26457
3055
21585
3350
29039
17111
23471
4700
15997
20311
21847
14351
26108
27496
18806
17140
17063
11073
3724
7522
7850
11318
21424
4018
25676
3843
6278
26075
10103
8715
15048
20070
15453
12877
18927
7938
4822
645
25716
27429
11922
21497
28912
4128
7112
28057
2486
27256
18680
16764
3867
28477
18887
22554
5615
16336
8235
4465
3878
25930
22344
14904
9360
